1
 0.0566343
-0.0446085
0.00800568
0.99835888 0.05499644 0.01596680
-0.05564535 0.99750130 0.04352876
-0.01353297 -0.04434580 0.99892458
0.01005263
2
 0.0737074
-0.0389501
0.00479158
0.99852879 0.05419692 -0.00171563
-0.05409647 0.99784961 0.03700983
0.00371775 -0.03686257 0.99931343
0.01172566
3
 0.0798704
 -0.036108
0.00488034
0.99850937 0.05333663 -0.01158621
-0.05293783 0.99807331 0.03236143
0.01328994 -0.03169984 0.99940907
0.01043459
4
 0.0800855
-0.0345232
0.00388429
0.99850805 0.05355244 -0.01066792
-0.05321529 0.99814088 0.02971377
0.01223933 -0.02910174 0.99950152
0.01122164
5
 0.0750987
-0.0380432
0.00472064
0.99850498 0.05455883 0.00333876
-0.05465004 0.99765984 0.04108801
-0.00108924 -0.04120905 0.99914995
0.01321486
6
 0.0754463
-0.0391405
0.00436747
0.99855411 0.05374581 -0.00103980
-0.05365342 0.99765827 0.04241792
0.00331715 -0.04230080 0.99909941
0.01197932
7
 0.0737719
-0.0372721
0.00457803
0.99851037 0.05442832 0.00381954
-0.05452504 0.99796513 0.03305490
-0.00201265 -0.03321392 0.99944624
0.01236771
8
 0.0735746
-0.0395943
0.00462639
0.99851031 0.05453839 0.00165284
-0.05455813 0.99753323 0.04416869
0.00076012 -0.04419307 0.99902272
0.01371160
9
 0.0731949
-0.0381258
0.00413946
0.99853238 0.05413812 0.00146316
-0.05415661 0.99795839 0.03385430
0.00037264 -0.03388385 0.99942571
0.01169887
10
 0.0743855
-0.0375844
0.00394108
0.99858292 0.05285598 -0.00619632
-0.05262818 0.99808605 0.03247338
0.00790087 -0.03210127 0.99945339
0.01178661
11
  0.073789
-0.0366798
0.00369827
0.99854786 0.05386065 -0.00109571
-0.05380712 0.99813917 0.02868780
0.00263882 -0.02858719 0.99958782
0.01238813
12
  0.072304
-0.0364503
 0.0035507
0.99845429 0.05508748 0.00737556
-0.05528721 0.99800863 0.03036615
-0.00568808 -0.03072699 0.99951163
0.01438990
13
 0.0728846
-0.0372799
0.00395386
0.99850810 0.05460372 -0.00010579
-0.05455948 0.99777341 0.03836003
0.00220016 -0.03829703 0.99926398
0.01220483
14
 0.0731262
-0.0374556
0.00431897
0.99855192 0.05374236 -0.00241255
-0.05360868 0.99780881 0.03877753
0.00449126 -0.03859205 0.99924496
0.01114604
15
   0.07387
-0.0365003
0.00411181
0.99853888 0.05344102 -0.00800995
-0.05318568 0.99815547 0.02927341
0.00955957 -0.02880462 0.99953935
0.01406357
16
 0.0726962
-0.0372248
0.00428605
0.99845521 0.05534420 0.00492136
-0.05549255 0.99772313 0.03832933
-0.00278885 -0.03854322 0.99925304
0.01318533
17
 0.0732392
-0.0363799
0.00394637
0.99852995 0.05412700 -0.00286611
-0.05402193 0.99812159 0.02889499
0.00442473 -0.02869768 0.99957834
0.01340408
18
 0.0728726
-0.0367806
0.00422443
0.99847035 0.05527761 0.00115654
-0.05528358 0.99782991 0.03576595
0.00082303 -0.03577518 0.99935952
0.00989718
19
 0.0720804
-0.0377614
0.00459185
0.99844593 0.05515859 0.00795345
-0.05546771 0.99739640 0.04608414
-0.00539081 -0.04645368 0.99890590
0.01543520
20
 0.0710462
-0.0387939
0.00487686
0.99830476 0.05624411 0.01497320
-0.05695618 0.99700229 0.05236824
-0.01198291 -0.05313228 0.99851558
0.02163925
21
 0.0723272
 -0.038546
0.00481035
0.99853651 0.05374516 -0.00602382
-0.05344571 0.99768530 0.04204284
0.00826948 -0.04165936 0.99909765
0.01500504
22
 0.0720673
-0.0391218
0.00501184
0.99854425 0.05393810 -0.00025429
-0.05386720 0.99745223 0.04676937
0.00277630 -0.04668759 0.99890568
0.01231901
23
 0.0712808
-0.0393748
0.00499091
0.99842045 0.05546431 0.00896214
-0.05581479 0.99741424 0.04527196
-0.00642799 -0.04570067 0.99893450
0.01523336
24
 0.0721173
-0.0385281
0.00496967
0.99851713 0.05412698 -0.00581487
-0.05392543 0.99807829 0.03052506
0.00745592 -0.03016623 0.99951709
0.01464053
25
 0.0728266
-0.0388842
0.00506839
0.99850522 0.05325164 -0.01231182
-0.05273964 0.99785729 0.03872147
0.01434742 -0.03801427 0.99917419
0.01727416
26
 0.0724306
-0.0384453
0.00510331
0.99850228 0.05469616 -0.00123587
-0.05462888 0.99799575 0.03194003
0.00298039 -0.03182468 0.99948902
0.01158348
27
 0.0730427
-0.0384886
0.00514442
0.99851009 0.05372905 -0.00952861
-0.05336752 0.99796748 0.03482539
0.01138038 -0.03426498 0.99934799
0.01362312
28
 0.0729376
-0.0381417
0.00499656
0.99851749 0.05429387 -0.00387178
-0.05415096 0.99806605 0.03052605
0.00552167 -0.03027113 0.99952647
0.01393618
29
 0.0724233
-0.0380876
0.00504158
0.99846295 0.05516882 0.00530555
-0.05531354 0.99793134 0.03276361
-0.00348705 -0.03300671 0.99944905
0.01230697
30
 0.0729788
 -0.037596
0.00498513
0.99853276 0.05376026 -0.00649314
-0.05357139 0.99821468 0.02641140
0.00790143 -0.02602480 0.99963007
0.01526780
31
 0.0724831
-0.0377498
0.00493721
0.99848520 0.05486735 0.00410955
-0.05497468 0.99792254 0.03359160
-0.00225793 -0.03376664 0.99942719
0.01263168
32
 0.0729111
-0.0372574
0.00481088
0.99853383 0.05382719 -0.00572850
-0.05366079 0.99821937 0.02605009
0.00712050 -0.02570450 0.99964423
0.01612958
33
 0.0726389
-0.0373298
 0.0050283
0.99849539 0.05480912 0.00171024
-0.05483575 0.99797173 0.03233365
0.00006541 -0.03237879 0.99947567
0.01162819
34
 0.0722883
-0.0377344
0.00508476
0.99844441 0.05536443 0.00659872
-0.05559101 0.99759428 0.04141614
-0.00428986 -0.04171854 0.99912019
0.01330493
35
  0.072431
-0.0379908
0.00519871
0.99852854 0.05422696 0.00043558
-0.05419371 0.99756331 0.04393736
0.00194807 -0.04389631 0.99903419
0.01153377
36
 0.0719726
-0.0383245
 0.0052676
0.99842339 0.05545128 0.00871099
-0.05579882 0.99735125 0.04665812
-0.00610066 -0.04707062 0.99887293
0.01656779
37
 0.0722039
-0.0381491
0.00517339
0.99853513 0.05410679 -0.00022423
-0.05405940 0.99781762 0.03791543
0.00227523 -0.03784777 0.99928093
0.01071125
38
 0.0722925
-0.0380303
0.00519326
0.99858218 0.05318368 -0.00226519
-0.05307100 0.99796815 0.03525665
0.00413567 -0.03508645 0.99937572
0.00955682
39
 0.0720729
-0.0382488
0.00530078
0.99855046 0.05370279 0.00360407
-0.05380538 0.99771408 0.04088507
-0.00140019 -0.04101972 0.99915736
0.01093029
40
 0.0720529
-0.0385709
0.00537373
0.99855446 0.05370756 0.00212057
-0.05374835 0.99751073 0.04564495
0.00033619 -0.04569294 0.99895548
0.01233493
41
 0.0716193
-0.0385927
0.00546751
0.99845800 0.05446722 0.01072154
-0.05487491 0.99759460 0.04235271
-0.00838892 -0.04287575 0.99904519
0.01626869
42
 0.0712668
-0.0387413
0.00547291
0.99836495 0.05558418 0.01333519
-0.05611087 0.99749581 0.04305429
-0.01090866 -0.04373214 0.99898373
0.01662836
43
 0.0714504
-0.0382936
  0.005448
0.99850747 0.05454235 0.00282111
-0.05460218 0.99806607 0.02971069
-0.00119516 -0.02982038 0.99955456
0.01453834
44
 0.0713312
-0.0381389
0.00546033
0.99847958 0.05495046 0.00435575
-0.05505569 0.99804381 0.02962151
-0.00271951 -0.02981628 0.99955170
0.01403391
45
 0.0712565
-0.0379908
0.00535993
0.99850648 0.05449011 0.00395497
-0.05458302 0.99807718 0.02937081
-0.00234695 -0.02954282 0.99956076
0.01334849
46
  0.071461
-0.0376044
0.00530704
0.99853403 0.05404978 -0.00290049
-0.05396840 0.99827380 0.02316967
0.00414780 -0.02297917 0.99972734
0.01636138
47
 0.0718948
-0.0377982
0.00535372
0.99851187 0.05328625 -0.01160232
-0.05286103 0.99801258 0.03430174
0.01340707 -0.03363738 0.99934417
0.01687582
48
 0.0725262
-0.0379586
0.00537903
0.99840315 0.05225446 -0.02146218
-0.05138875 0.99791377 0.03908078
0.02345955 -0.03791546 0.99900554
0.02284222
49
 0.0722382
-0.0381236
0.00531349
0.99850460 0.05452843 -0.00389955
-0.05431793 0.99764500 0.04188098
0.00617407 -0.04160654 0.99911500
0.01363313
50
 0.0726085
-0.0378564
0.00521854
0.99847680 0.05381835 -0.01215140
-0.05341028 0.99806863 0.03172310
0.01383522 -0.03102577 0.99942283
0.01651273
51
 0.0726468
-0.0379987
0.00515563
0.99849190 0.05434375 -0.00779010
-0.05401532 0.99783516 0.03751462
0.00981192 -0.03703726 0.99926571
0.01308386
52
 0.0725017
-0.0380717
0.00514919
0.99853806 0.05405232 -0.00029795
-0.05399881 0.99776643 0.03932285
0.00242278 -0.03924927 0.99922651
0.01002993
53
  0.072841
-0.0378707
0.00512338
0.99857500 0.05241668 -0.01002259
-0.05206764 0.99811825 0.03238714
0.01170136 -0.03181914 0.99942515
0.01683436
54
 0.0728998
-0.0376405
 0.0050815
0.99854862 0.05336204 -0.00728981
-0.05314338 0.99820906 0.02746717
0.00874245 -0.02703990 0.99959612
0.01501230
55
 0.0732484
-0.0379007
0.00507954
0.99852154 0.05249484 -0.01410749
-0.05190319 0.99787219 0.03946072
0.01614896 -0.03867015 0.99912153
0.01664410
56
 0.0730665
-0.0380732
0.00513918
0.99857462 0.05333253 -0.00209182
-0.05319097 0.99763327 0.04357262
0.00441071 -0.04339925 0.99904807
0.01144771
57
 0.0730333
-0.0381256
0.00517497
0.99855133 0.05380299 -0.00068753
-0.05372665 0.99767146 0.04201313
0.00294636 -0.04191533 0.99911682
0.01051536
58
 0.0728576
-0.0383155
0.00522012
0.99850886 0.05439666 0.00458930
-0.05454971 0.99746713 0.04564709
-0.00209462 -0.04582937 0.99894709
0.01401340
59
 0.0727149
-0.0385209
0.00526002
0.99847804 0.05484291 0.00581959
-0.05505903 0.99733643 0.04783883
-0.00318047 -0.04808644 0.99883811
0.01536171
60
 0.0726277
-0.0384819
0.00530427
0.99846649 0.05509392 0.00541618
-0.05527108 0.99761678 0.04130212
-0.00312778 -0.04153814 0.99913202
0.01178995
61
 0.0723223
-0.0386512
0.00535729
0.99835672 0.05594666 0.01240263
-0.05644989 0.99739841 0.04483099
-0.00986222 -0.04545745 0.99891759
0.01669121
62
  0.072092
-0.0386239
0.00533421
0.99832906 0.05622777 0.01332415
-0.05672108 0.99758424 0.04010490
-0.01103696 -0.04079364 0.99910663
0.01760760
63
  0.072095
-0.0384175
0.00523557
0.99843886 0.05550583 0.00624072
-0.05567539 0.99795370 0.03144291
-0.00448268 -0.03174128 0.99948607
0.01487689
64
 0.0721542
-0.0383598
0.00526964
0.99849359 0.05486167 0.00085919
-0.05486093 0.99797663 0.03213918
0.00090576 -0.03213790 0.99948303
0.01065832
65
 0.0720387
-0.0383931
0.00529699
0.99851415 0.05431683 0.00437888
-0.05443983 0.99786363 0.03611768
-0.00240772 -0.03630240 0.99933795
0.01034895
66
 0.0721742
-0.0382324
0.00526673
0.99853143 0.05410891 -0.00268385
-0.05400161 0.99807085 0.03063345
0.00433622 -0.03044353 0.99952708
0.01209965
67
 0.0721102
-0.0382004
  0.005281
0.99854457 0.05392956 0.00058551
-0.05391957 0.99800227 0.03292629
0.00119136 -0.03290994 0.99945761
0.01011240
68
 0.0719338
-0.0383202
0.00533446
0.99844311 0.05538665 0.00660805
-0.05560431 0.99767972 0.03928536
-0.00441683 -0.03959164 0.99920618
0.01442004
69
 0.0719925
-0.0382828
0.00533102
0.99848645 0.05498224 0.00133110
-0.05499415 0.99781914 0.03650502
0.00067894 -0.03652297 0.99933258
0.01249063
70
 0.0719989
-0.0382351
0.00532113
0.99854228 0.05397516 0.00004261
-0.05394319 0.99792303 0.03521018
0.00185795 -0.03516115 0.99937993
0.00992051
71
 0.0720634
-0.0382239
0.00533357
0.99853032 0.05413457 -0.00257924
-0.05400955 0.99791193 0.03542250
0.00449144 -0.03523114 0.99936910
0.01003704
72
 0.0723163
-0.0380553
0.00528098
0.99853987 0.05289527 -0.01096465
-0.05255054 0.99817804 0.02964870
0.01251295 -0.02902921 0.99950024
0.01725303
73
 0.0720911
-0.0380971
0.00528148
0.99848941 0.05486537 0.00294631
-0.05493467 0.99788607 0.03472139
-0.00103508 -0.03483079 0.99939269
0.01065187
74
 0.0720247
-0.0381661
0.00523999
0.99845021 0.05554048 0.00352737
-0.05563489 0.99771836 0.03824698
-0.00139506 -0.03838395 0.99926209
0.01178158
75
 0.0721851
-0.0381341
0.00522074
0.99850420 0.05450504 -0.00430814
-0.05431644 0.99788088 0.03582569
0.00625169 -0.03553810 0.99934877
0.01261793
76
 0.0721377
-0.0380312
0.00517539
0.99851147 0.05453410 -0.00093194
-0.05447692 0.99800816 0.03181159
0.00266490 -0.03171347 0.99949345
0.01269150
77
  0.071942
-0.0378975
0.00515527
0.99842279 0.05570356 0.00700299
-0.05588221 0.99802718 0.02861704
-0.00539511 -0.02896325 0.99956592
0.01478313
78
 0.0717397
-0.0379972
0.00514997
0.99834908 0.05622130 0.01175908
-0.05661816 0.99772136 0.03669418
-0.00966929 -0.03729938 0.99925735
0.01462660
79
 0.0717795
-0.0380691
0.00518584
0.99844940 0.05549112 0.00442038
-0.05562282 0.99766790 0.03955832
-0.00221493 -0.03974286 0.99920749
0.01155564
80
 0.0716682
-0.0381696
0.00521717
0.99843308 0.05550658 0.00709939
-0.05575911 0.99753914 0.04250385
-0.00472268 -0.04283310 0.99907108
0.01364347
81
 0.0719199
-0.0381977
  0.005238
0.99850725 0.05417375 -0.00696281
-0.05384435 0.99770685 0.04101013
0.00916851 -0.04057401 0.99913447
0.01369612
82
 0.0719485
-0.0382741
0.00522737
0.99850672 0.05442513 -0.00471477
-0.05417941 0.99764410 0.04208133
0.00699395 -0.04176304 0.99910306
0.01268360
83
 0.0716742
-0.0383597
0.00528343
0.99841761 0.05539360 0.00968599
-0.05576756 0.99747701 0.04392706
-0.00722827 -0.04439772 0.99898779
0.01529291
84
 0.0714369
-0.0385677
0.00534041
0.99832552 0.05570026 0.01560861
-0.05642178 0.99713410 0.05040010
-0.01275658 -0.05119637 0.99860713
0.02085744
85
 0.0715151
-0.0385979
0.00535248
0.99852130 0.05414673 0.00483074
-0.05431051 0.99749175 0.04539357
-0.00236071 -0.04558881 0.99895750
0.01346036
86
 0.0716541
-0.0382746
0.00530643
0.99853825 0.05391190 -0.00385669
-0.05379345 0.99821106 0.02609495
0.00525662 -0.02584934 0.99965203
0.01743759
87
 0.0716279
-0.0382386
0.00529152
0.99850783 0.05460605 -0.00053383
-0.05456605 0.99806712 0.02974188
0.00215688 -0.02966837 0.99955747
0.01185229
88
 0.0717073
-0.0381746
0.00528057
0.99851672 0.05428173 -0.00422417
-0.05413076 0.99808057 0.03008377
0.00584906 -0.02981049 0.99953846
0.01204286
89
 0.0719747
-0.0381957
0.00523319
0.99846622 0.05336668 -0.01473816
-0.05284364 0.99802889 0.03385089
0.01651562 -0.03302015 0.99931822
0.01847680
90
 0.0719426
-0.0382503
0.00523097
0.99850926 0.05428356 -0.00570633
-0.05403042 0.99782434 0.03777961
0.00774473 -0.03741497 0.99926980
0.01210604
91
  0.072189
-0.0383055
0.00524448
0.99849041 0.05305567 -0.01421236
-0.05245427 0.99783040 0.03978759
0.01629248 -0.03898203 0.99910708
0.01790528
92
 0.0723645
-0.0382232
0.00524544
0.99845348 0.05333024 -0.01570125
-0.05277286 0.99802763 0.03399813
0.01748341 -0.03311695 0.99929855
0.01797806
93
 0.0723107
-0.0381455
0.00521003
0.99850337 0.05438365 -0.00578293
-0.05417624 0.99803679 0.03142464
0.00748056 -0.03106431 0.99948939
0.01301762
94
 0.0725418
-0.0379866
0.00516819
0.99845925 0.05346833 -0.01484136
-0.05307612 0.99826047 0.02567008
0.01618808 -0.02484280 0.99956029
0.01949022
95
 0.0724678
-0.0379484
0.00512405
0.99849511 0.05465601 -0.00449943
-0.05450329 0.99809241 0.02899898
0.00607581 -0.02871010 0.99956931
0.01379354
96
 0.0725096
-0.0379222
0.00510912
0.99850341 0.05447686 -0.00481888
-0.05430045 0.99803520 0.03126005
0.00651236 -0.03095160 0.99949967
0.01268217
97
 0.0726393
-0.0380954
0.00515137
0.99852970 0.05340916 -0.00926780
-0.05296197 0.99766240 0.04318304
0.01155251 -0.04262870 0.99902419
0.01395946
98
 0.0724562
-0.0379178
0.00507951
0.99846762 0.05520199 0.00389150
-0.05529519 0.99800468 0.03048110
-0.00220112 -0.03064958 0.99952777
0.01694529
99
 0.0725501
-0.0377825
0.00504377
0.99855638 0.05360943 -0.00334400
-0.05350197 0.99821359 0.02659267
0.00476365 -0.02637537 0.99964076
0.01570441
100
 0.0727372
 -0.037676
0.00503647
0.99850649 0.05338116 -0.01162953
-0.05307224 0.99826697 0.02542409
0.01296654 -0.02476891 0.99960911
0.01774879
101
 0.0728882
-0.0375196
0.00503468
0.99846874 0.05344319 -0.01428312
-0.05311959 0.99834248 0.02214936
0.01544317 -0.02135673 0.99965264
0.02084274
102
 0.0730338
-0.0373515
0.00501168
0.99850340 0.05237993 -0.01572598
-0.05205743 0.99843855 0.02026052
0.01676267 -0.01941154 0.99967105
0.02334995
103
 0.0733836
-0.0372794
0.00501484
0.99830259 0.05149479 -0.02720691
-0.05084440 0.99841625 0.02407991
0.02840381 -0.02265571 0.99933975
0.02969928
104
 0.0733831
-0.0372826
 0.0050176
0.99848539 0.05306967 -0.01450954
-0.05261537 0.99816175 0.03007899
0.01607915 -0.02927001 0.99944221
0.01635052
105
 0.0733807
 -0.037239
0.00499588
0.99855985 0.05304929 -0.00800048
-0.05278020 0.99813253 0.03075234
0.00961692 -0.03028578 0.99949502
0.01289194
106
 0.0735432
-0.0372976
 0.0049576
0.99851626 0.05268540 -0.01376725
-0.05215526 0.99797601 0.03638274
0.01565623 -0.03561073 0.99924309
0.01817562
107
  0.073541
-0.0372558
0.00496931
0.99853763 0.05351598 -0.00765722
-0.05323017 0.99801599 0.03362497
0.00944150 -0.03316821 0.99940519
0.01238842
108
 0.0736566
 -0.037228
0.00495784
0.99850384 0.05353955 -0.01111729
-0.05315001 0.99804802 0.03279073
0.01285119 -0.03215078 0.99940041
0.01439278
109
 0.0737437
 -0.037233
0.00493877
0.99852672 0.05298279 -0.01171410
-0.05254709 0.99801157 0.03480954
0.01353511 -0.03414272 0.99932531
0.01335861
110
 0.0737984
 -0.037155
0.00493536
0.99850409 0.05371903 -0.01019067
-0.05338663 0.99810850 0.03048433
0.01180898 -0.02989468 0.99948329
0.01299019
111
 0.0739338
-0.0369609
0.00490594
0.99848611 0.05312640 -0.01425061
-0.05281577 0.99837594 0.02135357
0.01536190 -0.02056858 0.99967042
0.02005079
112
 0.0738861
-0.0369454
0.00491246
0.99854045 0.05374660 -0.00531777
-0.05357836 0.99817412 0.02788897
0.00680700 -0.02756335 0.99959688
0.01344322
113
  0.073771
-0.0369141
0.00491975
0.99848697 0.05489139 0.00327336
-0.05496462 0.99804511 0.02974655
-0.00163413 -0.02988146 0.99955211
0.01166561
114
 0.0738055
-0.0367929
0.00488583
0.99852112 0.05433299 -0.00186851
-0.05426979 0.99821594 0.02489445
0.00321777 -0.02475623 0.99968834
0.01452739
115
 0.0738937
-0.0368443
0.00491041
0.99853731 0.05355547 -0.00741933
-0.05327831 0.99801627 0.03354032
0.00920088 -0.03309597 0.99940983
0.01131821
116
 0.0737602
-0.0370008
0.00493593
0.99852110 0.05425504 0.00346409
-0.05435567 0.99752398 0.04462473
-0.00103439 -0.04474703 0.99899781
0.01405013
117
 0.0737665
-0.0369494
0.00493339
0.99856311 0.05358844 -0.00003605
-0.05354981 0.99786832 0.03729917
0.00203477 -0.03724364 0.99930414
0.00957328
118
 0.0735903
-0.0369552
0.00492742
0.99842476 0.05527296 0.00963839
-0.05559150 0.99777883 0.03670134
-0.00758839 -0.03717934 0.99927980
0.01588221
119
 0.0736762
-0.0369182
0.00491127
0.99851861 0.05439424 -0.00135974
-0.05431828 0.99796164 0.03349765
0.00317905 -0.03337416 0.99943787
0.01094718
120
  0.073743
-0.0369005
0.00490998
0.99855752 0.05336595 -0.00591214
-0.05313797 0.99801995 0.03365322
0.00769637 -0.03329052 0.99941608
0.01203028
121
 0.0736641
-0.0367802
0.00490677
0.99851170 0.05453153 0.00083980
-0.05453450 0.99815489 0.02669836
0.00061765 -0.02670442 0.99964318
0.01472363
122
 0.0735485
-0.0367592
0.00488007
0.99844748 0.05532484 0.00646391
-0.05549277 0.99802040 0.02959461
-0.00481379 -0.02990737 0.99954108
0.01514958
123
 0.0734675
-0.0367949
0.00484801
0.99842385 0.05566142 0.00718433
-0.05587772 0.99783795 0.03459926
-0.00524295 -0.03494617 0.99937544
0.01492272
124
 0.0734467
-0.0368811
0.00486315
0.99848306 0.05491580 0.00397792
-0.05503298 0.99764071 0.04104129
-0.00171472 -0.04119795 0.99914953
0.01187587
125
 0.0734924
-0.0367493
 0.0048464
0.99851287 0.05448094 -0.00196737
-0.05440064 0.99809372 0.02914605
0.00355153 -0.02899568 0.99957323
0.01197722
126
 0.0735847
-0.0366615
0.00484803
0.99851258 0.05393745 -0.00796049
-0.05371265 0.99821343 0.02617043
0.00935783 -0.02570392 0.99962580
0.01400160
127
 0.0735097
-0.0367696
0.00485209
0.99853564 0.05409777 0.00003435
-0.05405920 0.99779932 0.03839423
0.00204276 -0.03833987 0.99926267
0.01189125
128
 0.0736546
-0.0367547
0.00487757
0.99852074 0.05340466 -0.01021140
-0.05301009 0.99795781 0.03563895
0.01209384 -0.03504492 0.99931256
0.01471308
129
 0.0738086
-0.0367143
0.00487756
0.99847919 0.05260712 -0.01648613
-0.05204435 0.99810322 0.03288378
0.01818478 -0.03197576 0.99932320
0.01812202
130
 0.0737491
-0.0366488
0.00488839
0.99853964 0.05376886 -0.00524393
-0.05359187 0.99812770 0.02947891
0.00681916 -0.02915483 0.99955165
0.01127177
131
 0.0736706
-0.0366356
0.00489003
0.99848082 0.05506317 0.00202585
-0.05509963 0.99798878 0.03134375
-0.00029588 -0.03140776 0.99950661
0.01175747
132
 0.0736052
-0.0366254
0.00488674
0.99844791 0.05549131 0.00474205
-0.05561619 0.99792656 0.03239471
-0.00293460 -0.03260817 0.99946390
0.01178533
133
 0.0735751
-0.0367583
0.00493219
0.99844771 0.05556452 0.00384219
-0.05567914 0.99750278 0.04345148
-0.00141823 -0.04359796 0.99904815
0.01408113
134
 0.0736908
-0.0368133
0.00490746
0.99851664 0.05397663 -0.00714483
-0.05361990 0.99762879 0.04314737
0.00945684 -0.04270026 0.99904317
0.01465466
135
 0.0737838
-0.0367435
0.00488449
0.99851598 0.05338406 -0.01076955
-0.05299199 0.99801966 0.03389100
0.01255746 -0.03327000 0.99936751
0.01542456
136
 0.0739355
-0.0368397
0.00489243
0.99842102 0.05355598 -0.01694751
-0.05281876 0.99774933 0.04130919
0.01912172 -0.04034882 0.99900267
0.01941335
137
 0.0740119
 -0.036663
0.00488129
0.99845255 0.05347245 -0.01527065
-0.05307812 0.99827346 0.02515566
0.01658942 -0.02430620 0.99956691
0.01876095
138
 0.0742354
-0.0365701
0.00489904
0.99829332 0.05280868 -0.02493370
-0.05223705 0.99836874 0.02304679
0.02611010 -0.02170499 0.99942341
0.02654733
139
 0.0741433
-0.0366139
0.00489163
0.99847995 0.05462856 -0.00731505
-0.05436641 0.99800144 0.03220896
0.00905996 -0.03176231 0.99945439
0.01347047
140
 0.0740796
-0.0366728
0.00491012
0.99846940 0.05530694 0.00008257
-0.05526985 0.99774294 0.03813486
0.00202674 -0.03808105 0.99927260
0.01116482
141
 0.0740737
 -0.036862
0.00492729
0.99849611 0.05481837 -0.00067508
-0.05471212 0.99719075 0.05115858
0.00347762 -0.05104470 0.99869031
0.01827864
142
 0.0741915
-0.0368194
0.00492101
0.99849404 0.05394072 -0.01000242
-0.05350441 0.99777831 0.03969539
0.01212140 -0.03910044 0.99916176
0.01533472
143
 0.0743748
-0.0367807
0.00492297
0.99839981 0.05294511 -0.01986562
-0.05224393 0.99804532 0.03429456
0.02164252 -0.03320182 0.99921431
0.01969002
144
  0.074453
 -0.036834
0.00492175
0.99843369 0.05327817 -0.01707651
-0.05258849 0.99787115 0.03856977
0.01909508 -0.03761133 0.99910999
0.01853469
145
 0.0745266
-0.0366762
0.00489533
0.99846131 0.05314894 -0.01581775
-0.05275400 0.99830897 0.02441751
0.01708877 -0.02354549 0.99957670
0.02033765
146
 0.0744299
-0.0366516
0.00489974
0.99850622 0.05459861 -0.00207689
-0.05451919 0.99811954 0.02801864
0.00360276 -0.02786355 0.99960524
0.01253068
147
 0.0744617
-0.0365754
 0.0049044
0.99856970 0.05325211 -0.00477196
-0.05311153 0.99825310 0.02588274
0.00614194 -0.02559228 0.99965360
0.01336312
148
 0.0744736
-0.0365434
0.00489732
0.99856556 0.05333464 -0.00471527
-0.05318348 0.99819666 0.02783783
0.00619149 -0.02754713 0.99960133
0.01306728
149
 0.0744357
-0.0364443
 0.0048849
0.99853942 0.05401778 -0.00104733
-0.05397824 0.99826483 0.02353035
0.00231657 -0.02343945 0.99972257
0.01568597
150
 0.0744865
-0.0365044
0.00487998
0.99855754 0.05337369 -0.00583912
-0.05314406 0.99800150 0.03418634
0.00765210 -0.03382671 0.99939842
0.01228865
151
 0.0744471
-0.0364994
0.00486685
0.99856003 0.05362851 -0.00136333
-0.05354992 0.99797170 0.03442213
0.00320657 -0.03429956 0.99940645
0.01234908
152
 0.0745514
-0.0364025
0.00483647
0.99858592 0.05213968 -0.01037419
-0.05184377 0.99829023 0.02699711
0.01176407 -0.02642109 0.99958168
0.01626849
153
 0.0745674
-0.0364529
0.00484219
0.99854813 0.05327450 -0.00796620
-0.05296594 0.99798572 0.03491574
0.00981027 -0.03444311 0.99935851
0.01207235
154
 0.0746472
-0.0364194
0.00483624
0.99852220 0.05302269 -0.01191696
-0.05261927 0.99810370 0.03194072
0.01358795 -0.03126646 0.99941872
0.01380095
155
 0.0747129
-0.0364381
0.00482178
0.99848214 0.05351653 -0.01301560
-0.05303924 0.99799275 0.03460214
0.01484126 -0.03385928 0.99931641
0.01461032
156
 0.0747104
-0.0363526
0.00479509
0.99850476 0.05406257 -0.00809220
-0.05382218 0.99817324 0.02744749
0.00956129 -0.02697091 0.99959049
0.01426526
157
 0.0747183
-0.0363945
0.00479672
0.99851113 0.05417610 -0.00636197
-0.05392603 0.99794984 0.03446880
0.00821631 -0.03407440 0.99938552
0.01053107
158
 0.0748426
-0.0364343
 0.0048005
0.99845178 0.05359796 -0.01487612
-0.05300504 0.99788088 0.03773874
0.01686732 -0.03689180 0.99917691
0.01549870
159
 0.0748576
-0.0362858
0.00477138
0.99856173 0.05258331 -0.01046294
-0.05231951 0.99834042 0.02406403
0.01171095 -0.02348201 0.99965567
0.01770588
160
 0.0748734
-0.0363459
0.00478476
0.99857889 0.05267733 -0.00808101
-0.05236540 0.99801828 0.03489104
0.00990296 -0.03441829 0.99935845
0.01137651
161
 0.0749453
 -0.036337
0.00479321
0.99850014 0.05352828 -0.01149787
-0.05311212 0.99801380 0.03387568
0.01328834 -0.03321420 0.99935991
0.01293714
162
 0.0750311
-0.0363322
0.00478045
0.99845225 0.05360598 -0.01481551
-0.05308347 0.99802266 0.03365886
0.01659053 -0.03282031 0.99932356
0.01526735
163
 0.0749739
-0.0363413
0.00477999
0.99850210 0.05452821 -0.00449848
-0.05433793 0.99790788 0.03503218
0.00639931 -0.03473526 0.99937606
0.00926455
164
 0.0748869
-0.0363142
0.00479868
0.99847251 0.05512791 0.00368208
-0.05521908 0.99793764 0.03273088
-0.00187010 -0.03288420 0.99945742
0.01176705
165
  0.074808
-0.0364072
0.00483399
0.99846961 0.05480294 0.00742121
-0.05507009 0.99757569 0.04254448
-0.00507165 -0.04288806 0.99906701
0.01518051
166
 0.0748116
-0.0364519
0.00484606
0.99855841 0.05364719 0.00175684
-0.05367302 0.99762736 0.04311453
0.00056030 -0.04314667 0.99906859
0.01270809
167
 0.0748162
-0.0363658
0.00486317
0.99853620 0.05407376 -0.00121955
-0.05400917 0.99804957 0.03130605
0.00291000 -0.03119436 0.99950910
0.01118779
168
  0.074907
 -0.036383
0.00488378
0.99852655 0.05338445 -0.00973774
-0.05302057 0.99799985 0.03442559
0.01155605 -0.03385857 0.99935982
0.01365452
169
 0.0749821
-0.0362699
0.00486751
0.99848782 0.05342134 -0.01297034
-0.05309952 0.99830069 0.02400366
0.01423060 -0.02327864 0.99962773
0.01852592
170
 0.0749402
-0.0362264
0.00486018
0.99850837 0.05439557 -0.00470753
-0.05425951 0.99820496 0.02535288
0.00607816 -0.02505963 0.99966748
0.01375374
171
 0.0750507
-0.0362235
0.00486363
0.99843820 0.05413627 -0.01379965
-0.05371189 0.99812171 0.02946340
0.01536877 -0.02867618 0.99947060
0.01568683
172
  0.074925
-0.0362972
0.00487927
0.99843011 0.05592965 0.00303129
-0.05600536 0.99767017 0.03895686
-0.00084538 -0.03906547 0.99923630
0.01333662
173
 0.0749612
-0.0362519
0.00489596
0.99847327 0.05512533 -0.00351086
-0.05498219 0.99795560 0.03258196
0.00529978 -0.03233918 0.99946290
0.01058373
174
 0.0750386
-0.0362424
0.00490254
0.99845347 0.05460954 -0.01041438
-0.05424418 0.99799469 0.03262171
0.01217495 -0.03200634 0.99941351
0.01408010
175
 0.0749774
-0.0362255
0.00488842
0.99847636 0.05515584 -0.00167041
-0.05507435 0.99796976 0.03198723
0.00343130 -0.03184649 0.99948688
0.01199611
176
 0.0750421
 -0.036135
0.00488532
0.99853461 0.05343257 -0.00857898
-0.05320326 0.99826969 0.02504058
0.00990212 -0.02454745 0.99964962
0.01531292
177
  0.074975
-0.0361079
0.00485865
0.99851178 0.05453634 0.00014784
-0.05452041 0.99814682 0.02702689
0.00132638 -0.02699473 0.99963470
0.01500618
178
 0.0749658
-0.0360786
0.00488169
0.99851835 0.05441100 -0.00073738
-0.05436875 0.99812432 0.02814029
0.00226713 -0.02805850 0.99960371
0.01197079
179
 0.0748686
-0.0361136
0.00489775
0.99842758 0.05559780 0.00715863
-0.05581405 0.99783614 0.03475395
-0.00521090 -0.03509885 0.99937026
0.01699538
180
 0.0748632
-0.0360315
0.00488021
0.99849904 0.05471858 0.00235426
-0.05476185 0.99814668 0.02653947
-0.00089769 -0.02662855 0.99964499
0.01420237
181
 0.0749327
-0.0360335
0.00487728
0.99851369 0.05407263 -0.00682342
-0.05384163 0.99808617 0.03041496
0.00845498 -0.03000237 0.99951407
0.01147415
182
 0.0748835
-0.0360784
0.00489375
0.99851896 0.05440444 -0.00022782
-0.05435812 0.99782500 0.03728888
0.00225600 -0.03722127 0.99930450
0.00968069
183
 0.0749359
-0.0360364
0.00487169
0.99853366 0.05368673 -0.00694696
-0.05344300 0.99807445 0.03148386
0.00862385 -0.03106643 0.99948012
0.01307004
184
 0.0749683
-0.0361137
0.00487359
0.99851649 0.05381215 -0.00831114
-0.05343430 0.99775196 0.04044510
0.01046889 -0.03994100 0.99914720
0.01483052
185
  0.075034
-0.0360468
0.00486754
0.99849162 0.05350595 -0.01231259
-0.05310713 0.99811642 0.03071213
0.01393268 -0.03001192 0.99945243
0.01411934
186
 0.0751644
-0.0360229
0.00485792
0.99842504 0.05222894 -0.02048348
-0.05159750 0.99821031 0.03023042
0.02202573 -0.02912591 0.99933305
0.02087709
187
 0.0752236
-0.0358846
0.00483125
0.99845993 0.05241919 -0.01816607
-0.05208720 0.99847503 0.01829052
0.01909714 -0.01731613 0.99966767
0.02331604
188
 0.0751714
-0.0358989
0.00483982
0.99852888 0.05393327 -0.00559269
-0.05375801 0.99816693 0.02780012
0.00708179 -0.02745857 0.99959786
0.01195647
189
 0.0751916
-0.0358494
0.00483126
0.99851476 0.05409944 -0.00644448
-0.05391545 0.99820856 0.02593837
0.00783619 -0.02555239 0.99964277
0.01451168
190
 0.0752938
-0.0357359
0.00481831
0.99847058 0.05309414 -0.01541157
-0.05281098 0.99843806 0.01823309
0.01635557 -0.01739130 0.99971498
0.02135186
191
 0.0753588
-0.0356934
0.00481495
0.99846593 0.05308516 -0.01573986
-0.05273892 0.99837357 0.02165232
0.01686368 -0.02078900 0.99964165
0.01965201
192
 0.0754184
 -0.035676
0.00479916
0.99846278 0.05309823 -0.01589543
-0.05268008 0.99828169 0.02566075
0.01723066 -0.02478393 0.99954433
0.01717856
193
 0.0755076
-0.0356863
0.00480049
0.99843729 0.05271931 -0.01853807
-0.05213626 0.99816977 0.03064173
0.02011955 -0.02962734 0.99935851
0.01828155
194
 0.0755832
-0.0356123
0.00480452
0.99847017 0.05192031 -0.01901602
-0.05143686 0.99836111 0.02508688
0.02028737 -0.02407038 0.99950440
0.01969637
195
 0.0755787
-0.0355184
0.00480746
0.99852426 0.05317318 -0.01104154
-0.05294881 0.99840279 0.01970520
0.01207169 -0.01909149 0.99974486
0.01869500
196
0.0755605
 -0.03556
0.0048088
0.99854728 0.05362117 -0.00530103
-0.05343264 0.99809280 0.03091465
0.00694860 -0.03058650 0.99950797
0.01074438
197
 0.0754354
-0.0355969
0.00481476
0.99841494 0.05566103 0.00833458
-0.05592909 0.99777041 0.03641635
-0.00628903 -0.03682477 0.99930195
0.01829705
198
 0.0754605
-0.0355893
0.00483821
0.99849435 0.05485398 -0.00025834
-0.05481236 0.99789924 0.03453563
0.00215221 -0.03446947 0.99940343
0.01091413
199
 0.0753736
-0.0355785
 0.0048201
0.99843427 0.05554461 0.00661877
-0.05573383 0.99789901 0.03303506
-0.00476994 -0.03335222 0.99943228
0.01630221
200
 0.0754356
-0.0354902
0.00480801
0.99851541 0.05420159 -0.00540102
-0.05405894 0.99825503 0.02375955
0.00667940 -0.02343230 0.99970311
0.01439692
201
 0.0754747
-0.0354865
0.00481938
0.99849104 0.05425270 -0.00850171
-0.05399261 0.99814003 0.02830694
0.01002162 -0.02780519 0.99956312
0.01265858
202
 0.0753828
-0.0355233
0.00481726
0.99845528 0.05544729 0.00355789
-0.05553823 0.99783811 0.03513713
-0.00160194 -0.03528045 0.99937617
0.01273033
203
 0.0754728
-0.0355081
0.00482271
0.99846511 0.05455094 -0.00957136
-0.05421202 0.99799470 0.03267466
0.01133460 -0.03210562 0.99942021
0.01410247
204
 0.0754813
-0.0354682
0.00481036
0.99850139 0.05417040 -0.00778029
-0.05392685 0.99813267 0.02868914
0.00931986 -0.02822658 0.99955810
0.01197874
205
 0.0753908
-0.0354745
0.00482025
0.99845790 0.05540526 0.00347557
-0.05548844 0.99794320 0.03209987
-0.00168992 -0.03224322 0.99947862
0.01308700
206
 0.0753144
-0.0355685
0.00482934
0.99843872 0.05527047 0.00808030
-0.05557279 0.99749213 0.04383056
-0.00563750 -0.04421118 0.99900630
0.01832896
207
 0.0753473
-0.0355365
 0.0048353
0.99850348 0.05467370 -0.00125627
-0.05459544 0.99788496 0.03528374
0.00318271 -0.03516235 0.99937655
0.01160929
208
 0.0753963
-0.0355544
0.00483519
0.99848030 0.05457498 -0.00765904
-0.05426321 0.99786745 0.03627753
0.00962255 -0.03580679 0.99931240
0.01223891
209
 0.0753752
-0.0355289
0.00483481
0.99849127 0.05481183 -0.00329357
-0.05467801 0.99798598 0.03216064
0.00504972 -0.03193203 0.99947729
0.00965145
210
 0.0753594
-0.0355592
0.00483887
0.99850534 0.05462162 -0.00188656
-0.05451681 0.99784783 0.03643666
0.00387273 -0.03627935 0.99933418
0.01059298
211
 0.0753506
-0.0355715
0.00485347
0.99853777 0.05402929 -0.00177596
-0.05392648 0.99785637 0.03707547
0.00377532 -0.03692549 0.99931089
0.00960883
212
 0.0753312
-0.0355235
0.00484127
0.99849662 0.05480627 -0.00087950
-0.05475549 0.99805147 0.02991814
0.00251749 -0.02982501 0.99955197
0.01259146
213
 0.0753801
-0.0355275
0.00482918
0.99850631 0.05408928 -0.00771355
-0.05381656 0.99803749 0.03201492
0.00943008 -0.03155198 0.99945763
0.01253781
214
 0.0753505
-0.0355739
0.00482369
0.99850863 0.05452658 -0.00271305
-0.05438414 0.99779428 0.03806499
0.00478262 -0.03786068 0.99927158
0.01256140
215
 0.0752541
-0.0355623
0.00482727
0.99842650 0.05557805 0.00745710
-0.05580447 0.99783867 0.03469663
-0.00551261 -0.03505818 0.99937007
0.01552937
216
 0.0752736
-0.0355726
0.00481856
0.99853026 0.05419415 -0.00055921
-0.05413983 0.99789717 0.03563873
0.00248945 -0.03555608 0.99936458
0.01214467
217
 0.0752946
-0.0355335
0.00482643
0.99851814 0.05422012 -0.00465819
-0.05405506 0.99807901 0.03027106
0.00629054 -0.02997440 0.99953087
0.01186559
218
 0.0753061
-0.0355433
0.00482409
0.99851048 0.05425221 -0.00578874
-0.05403265 0.99799300 0.03302188
0.00756863 -0.03265991 0.99943786
0.01053716
219
 0.0752049
-0.0356332
0.00484946
0.99841348 0.05584027 0.00723746
-0.05610694 0.99744243 0.04427878
-0.00474641 -0.04461460 0.99899300
0.01802173
220
 0.0751491
-0.0357233
 0.0048723
0.99844735 0.05499894 0.00883236
-0.05537465 0.99720137 0.05023028
-0.00604503 -0.05064138 0.99869861
0.02106226
221
0.0751066
-0.035748
0.0048839
0.99843030 0.05550808 0.00746886
-0.05578963 0.99742205 0.04513057
-0.00494450 -0.04547641 0.99895318
0.01866777
222
 0.0751719
-0.0356368
0.00486921
0.99852685 0.05393903 -0.00589219
-0.05376719 0.99820935 0.02621424
0.00729561 -0.02585881 0.99963898
0.01326295
223
  0.075128
-0.0356256
0.00485847
0.99850970 0.05457440 0.00012341
-0.05455543 0.99809757 0.02872185
0.00144430 -0.02868578 0.99958743
0.01253417
224
 0.0751471
-0.0356491
0.00485177
0.99854762 0.05374182 -0.00380466
-0.05358036 0.99797481 0.03428432
0.00563945 -0.03403068 0.99940488
0.01028202
225
 0.0750967
 -0.035699
0.00486065
0.99850283 0.05464448 0.00246579
-0.05469944 0.99769415 0.04017898
-0.00026454 -0.04025370 0.99918946
0.01299163
226
 0.0750921
-0.0357085
0.00486349
0.99853785 0.05405645 0.00026525
-0.05402645 0.99779437 0.03856868
0.00182022 -0.03852662 0.99925592
0.01125612
227
 0.0750164
-0.0356645
0.00485702
0.99842301 0.05567408 0.00720349
-0.05587167 0.99795693 0.03098910
-0.00546349 -0.03134270 0.99949376
0.01536426
228
 0.0750477
-0.0356574
0.00483814
0.99850927 0.05454413 -0.00204499
-0.05445337 0.99802362 0.03136390
0.00375166 -0.03120579 0.99950594
0.01230484
229
 0.0750462
-0.0356477
0.00482525
0.99857046 0.05339276 -0.00249976
-0.05328697 0.99807607 0.03169642
0.00418731 -0.03151790 0.99949442
0.01240869
230
 0.0750994
-0.0356017
 0.0048185
0.99860311 0.05200825 -0.00932563
-0.05173517 0.99828329 0.02745822
0.01073767 -0.02693740 0.99957945
0.01414547
231
 0.0750916
-0.0355608
0.00481448
0.99857004 0.05315163 -0.00572532
-0.05298933 0.99826911 0.02551291
0.00707146 -0.02517305 0.99965810
0.01286249
232
 0.0750104
-0.0355786
0.00480294
0.99847735 0.05490858 0.00529441
-0.05505004 0.99797387 0.03190072
-0.00353206 -0.03214360 0.99947702
0.01420044
233
 0.0750095
-0.0356164
0.00480607
0.99853335 0.05412802 0.00114378
-0.05413232 0.99780884 0.03804235
0.00091788 -0.03804847 0.99927547
0.01173465
234
 0.0749798
-0.0355444
0.00478374
0.99849215 0.05484498 0.00233346
-0.05488793 0.99813097 0.02686792
-0.00085553 -0.02695548 0.99963627
0.01490797
235
 0.0750665
   -0.0355
0.00476809
0.99851695 0.05324819 -0.01133680
-0.05295902 0.99829759 0.02443902
0.01261884 -0.02380239 0.99963704
0.01766165
236
 0.0750949
-0.0354935
0.00476033
0.99855440 0.05267073 -0.01071973
-0.05234765 0.99822310 0.02846701
0.01220006 -0.02786470 0.99953725
0.01345365
237
 0.0750619
-0.0354852
0.00475567
0.99852854 0.05413407 -0.00320243
-0.05401398 0.99808901 0.03001371
0.00482107 -0.02979657 0.99954436
0.01089555
238
 0.0751142
-0.0354559
0.00475528
0.99849466 0.05397013 -0.00977908
-0.05367844 0.99816643 0.02797154
0.01127078 -0.02740451 0.99956088
0.01318765
239
 0.0750473
-0.0354724
0.00475485
0.99853941 0.05399636 0.00185572
-0.05402822 0.99797708 0.03350682
-0.00004272 -0.03355814 0.99943677
0.01163963
240
 0.0749938
-0.0354196
 0.0047437
0.99847592 0.05490535 0.00558952
-0.05503616 0.99812398 0.02682431
-0.00410624 -0.02709105 0.99962454
0.01613043
241
  0.074895
 -0.035496
0.00475254
0.99834716 0.05589196 0.01338057
-0.05638968 0.99759631 0.04027171
-0.01109754 -0.04095967 0.99909917
0.02057029
242
 0.0748512
-0.0355468
0.00475789
0.99840829 0.05539848 0.01057826
-0.05581258 0.99747178 0.04398867
-0.00811461 -0.04450905 0.99897602
0.01985854
243
  0.074853
-0.0355726
0.00475243
0.99848388 0.05494563 0.00330545
-0.05503626 0.99759234 0.04219648
-0.00097898 -0.04231442 0.99910386
0.01440808
244
 0.0749511
-0.0355381
 0.0047534
0.99847186 0.05379671 -0.01264389
-0.05334974 0.99801828 0.03336654
0.01441385 -0.03264100 0.99936320
0.01411747
245
 0.0750059
-0.0355609
0.00475864
0.99840228 0.05444735 -0.01511185
-0.05386601 0.99787991 0.03652585
0.01706855 -0.03565347 0.99921844
0.01597882
246
 0.075053
-0.035555
0.0047569
0.99848408 0.05293289 -0.01508821
-0.05238317 0.99802200 0.03475751
0.01689818 -0.03391445 0.99928187
0.01571955
247
 0.0750726
-0.0355324
0.00475443
0.99847364 0.05389873 -0.01205472
-0.05350109 0.99808090 0.03117939
0.01371212 -0.03048686 0.99944111
0.01329383
248
 0.0750678
-0.0355642
0.00475832
0.99849773 0.05435245 -0.00693520
-0.05406256 0.99786110 0.03674870
0.00891774 -0.03631856 0.99930047
0.01095830
249
0.0750205
-0.035547
 0.004753
0.99849246 0.05488423 0.00072886
-0.05487844 0.99794963 0.03293775
0.00108040 -0.03292809 0.99945714
0.01134202
250
 0.0750832
-0.0355607
 0.0047482
0.99850592 0.05375207 -0.00983064
-0.05337787 0.99796000 0.03502339
0.01169317 -0.03444633 0.99933814
0.01272284
251
 0.0751178
-0.0356229
0.00475764
0.99852234 0.05316354 -0.01125904
-0.05263372 0.99768601 0.04303848
0.01352106 -0.04238228 0.99900997
0.01545575
252
0.0752253
-0.035575
0.0047503
0.99842506 0.05195478 -0.02116830
-0.05125901 0.99816671 0.03218274
0.02280154 -0.03104699 0.99925781
0.02110620
253
 0.0751747
-0.0356327
0.00475373
0.99856464 0.05325816 -0.00567715
-0.05298005 0.99774438 0.04122226
0.00785977 -0.04086232 0.99913387
0.01291455
254
  0.075059
-0.0356585
0.00476354
0.99838101 0.05585030 0.01077544
-0.05625072 0.99755976 0.04135674
-0.00843936 -0.04189591 0.99908634
0.01907558
255
 0.0750711
-0.0356015
0.00476899
0.99846189 0.05540576 0.00201393
-0.05544125 0.99801257 0.02995294
-0.00035036 -0.03001853 0.99954928
0.01239426
256
 0.0750713
-0.0356563
0.00478338
0.99851906 0.05439932 -0.00063387
-0.05433067 0.99772425 0.03993119
0.00280466 -0.03983761 0.99920223
0.01156913
257
 0.0750982
-0.0357463
0.00480145
0.99849320 0.05461938 -0.00529700
-0.05429263 0.99730519 0.04934242
0.00797778 -0.04898048 0.99876787
0.01784215
258
 0.0750258
-0.0358048
 0.0048207
0.99841809 0.05594630 0.00559697
-0.05615700 0.99716220 0.05013925
-0.00277598 -0.05037424 0.99872655
0.01953256
259
 0.0750082
-0.0358687
0.00484139
0.99845749 0.05539644 0.00372480
-0.05551461 0.99714251 0.05123415
-0.00087597 -0.05136190 0.99867972
0.01945914
260
 0.0750585
-0.0358671
0.00483934
0.99855191 0.05335112 -0.00690950
-0.05300865 0.99767860 0.04274912
0.00917417 -0.04232096 0.99906195
0.01398069
261
 0.0750932
-0.0358156
0.00482701
0.99852846 0.05326317 -0.01019576
-0.05292400 0.99811541 0.03105922
0.01183086 -0.03047392 0.99946554
0.01305967
262
 0.0750999
-0.0358534
0.00483938
0.99854723 0.05333255 -0.00768554
-0.05300034 0.99785697 0.03837219
0.00971556 -0.03790911 0.99923396
0.01244967
263
 0.0751473
-0.0358449
0.00482823
0.99850147 0.05337710 -0.01207097
-0.05292881 0.99799088 0.03482436
0.01390554 -0.03413327 0.99932055
0.01304923
264
 0.0750926
-0.0359349
 0.0048472
0.99850176 0.05471944 -0.00014522
-0.05465092 0.99737734 0.04745231
0.00274140 -0.04737328 0.99887349
0.01772621
265
 0.0750041
-0.0359746
0.00485838
0.99838879 0.05579468 0.01033294
-0.05621812 0.99732861 0.04663860
-0.00770315 -0.04714436 0.99885838
0.02067130
266
 0.0749889
-0.0359433
0.00486915
0.99844476 0.05547083 0.00557221
-0.05563631 0.99779896 0.03608101
-0.00355850 -0.03633491 0.99933333
0.01301134
267
 0.0749607
-0.0359647
0.00487537
0.99846192 0.05521909 0.00496542
-0.05536925 0.99772961 0.03833886
-0.00283711 -0.03855482 0.99925246
0.01306104
268
 0.0749796
-0.0359134
0.00487225
0.99851313 0.05448400 -0.00173988
