1
 0.0886848
-0.0188243
-0.0488785
0.99794808 0.06082706 -0.01999242
-0.06037033 0.99791776 0.02270625
0.02133194 -0.02145271 0.99954226
0.01752881
2
 0.0877747
-0.0277961
-0.0492692
0.99794134 0.06099801 -0.01980731
-0.06040163 0.99774027 0.02942779
0.02155759 -0.02817081 0.99937064
0.01764144
3
 0.0950106
-0.0138621
-0.0474565
0.99783016 0.05880463 -0.02961392
-0.05847997 0.99821986 0.01171306
0.03024999 -0.00995582 0.99949278
0.02380697
4
 0.0945851
-0.0193389
-0.0471912
0.99772324 0.06126016 -0.02820506
-0.06059462 0.99787685 0.02387646
0.02960785 -0.02211302 0.99931696
0.01777164
5
 0.0927601
-0.0134618
-0.0466823
0.99797612 0.05955606 -0.02228785
-0.05934758 0.99818826 0.00990224
0.02283721 -0.00855947 0.99970255
0.02330520
6
 0.0940505
-0.0147386
-0.0468932
0.99780161 0.06032266 -0.02744309
-0.05986217 0.99805667 0.01730336
0.02843354 -0.01562252 0.99947360
0.01780620
7
 0.0922712
-0.0176245
-0.0474465
0.99762404 0.06558716 -0.02108531
-0.06499911 0.99750743 0.02745997
0.02283377 -0.02602420 0.99940050
0.01751401
8
 0.0913223
-0.0181123
-0.0472984
0.99734585 0.07028866 -0.01899387
-0.06978615 0.99722470 0.02593809
0.02076431 -0.02454374 0.99948309
0.02025230
9
 0.0885001
-0.0193634
-0.0469587
0.99746007 0.07066096 -0.00896879
-0.07036389 0.99707098 0.02997304
0.01106045 -0.02926583 0.99951047
0.01991879
10
 0.0914831
-0.0215562
-0.0470105
0.99739765 0.06580965 -0.02944507
-0.06473724 0.99725270 0.03600198
0.03173346 -0.03400209 0.99891784
0.02311134
11
 0.0947074
-0.0189421
-0.0466885
0.99709789 0.06291588 -0.04286478
-0.06225047 0.99792105 0.01668683
0.04382553 -0.01397005 0.99894152
0.03016420
12
 0.0957639
-0.0196342
-0.0466537
0.99678083 0.06915485 -0.04056567
-0.06823596 0.99738964 0.02361695
0.04209301 -0.02077289 0.99889773
0.01823584
13
  0.095222
-0.0196652
-0.0465869
0.99725449 0.06751942 -0.03040749
-0.06685469 0.99751187 0.02237233
0.03184240 -0.02027802 0.99928718
0.02006481
14
 0.0947768
-0.0197591
-0.0468005
0.99730949 0.06862588 -0.02577360
-0.06799204 0.99737973 0.02471337
0.02740204 -0.02289448 0.99936228
0.01226342
15
  0.093925
-0.0205764
-0.0468222
0.99770784 0.06462590 -0.02006364
-0.06400401 0.99749172 0.03022854
0.02196686 -0.02887510 0.99934163
0.01949920
16
 0.0954498
-0.0205422
-0.0467971
0.99730717 0.06507899 -0.03381025
-0.06419399 0.99758196 0.02663393
0.03546180 -0.02439179 0.99907332
0.01926141
17
 0.0942562
-0.0215263
-0.0471849
0.99766312 0.06511196 -0.02070595
-0.06436990 0.99732315 0.03468511
0.02290894 -0.03327122 0.99918377
0.01851030
18
 0.0933569
-0.0218712
-0.0471678
0.99768396 0.06637058 -0.01488860
-0.06587755 0.99733144 0.03146660
0.01693732 -0.03041290 0.99939391
0.02106037
19
 0.0931659
-0.0213533
 -0.047104
0.99744388 0.06914857 -0.01800490
-0.06871412 0.99735428 0.02372352
0.01959772 -0.02242568 0.99955641
0.01658938
20
  0.092421
-0.0212873
-0.0470511
0.99762218 0.06744662 -0.01417561
-0.06710218 0.99746905 0.02351173
0.01572551 -0.02250461 0.99962305
0.01993520
21
  0.092228
-0.0204005
-0.0470167
0.99769278 0.06569621 -0.01712094
-0.06542770 0.99773224 0.01579830
0.01812000 -0.01464167 0.99972861
0.02033142
22
 0.0918654
-0.0201765
-0.0470153
0.99762478 0.06687386 -0.01651301
-0.06659490 0.99763692 0.01690272
0.01760434 -0.01576289 0.99972077
0.01855674
23
 0.0928505
-0.0206931
-0.0470554
0.99736677 0.06584906 -0.03038792
-0.06510179 0.99756644 0.02495910
0.03195750 -0.02291507 0.99922651
0.01906214
24
 0.0925831
 -0.021269
-0.0470741
0.99730141 0.06922274 -0.02445625
-0.06846462 0.99718462 0.03058485
0.02650456 -0.02882792 0.99923294
0.01615836
25
 0.0927854
-0.0205531
-0.0470499
0.99736805 0.06749060 -0.02649523
-0.06700081 0.99757278 0.01895889
0.02771046 -0.01713379 0.99946914
0.02261568
26
 0.0936476
 -0.019619
-0.0468736
0.99735323 0.06319371 -0.03595957
-0.06281823 0.99795897 0.01147869
0.03661156 -0.00918939 0.99928732
0.02615487
27
 0.0940245
-0.0195721
-0.0468291
0.99716991 0.06615224 -0.03572179
-0.06560785 0.99771391 0.01620406
0.03671206 -0.01381457 0.99923039
0.01723732
28
  0.093951
-0.0191509
-0.0469041
0.99743720 0.06526605 -0.02931497
-0.06485552 0.99778573 0.01474435
0.03021236 -0.01280533 0.99946147
0.02200027
29
  0.093876
-0.0183574
-0.0467389
0.99768203 0.06268046 -0.02649013
-0.06251038 0.99801833 0.00720121
0.02688901 -0.00552861 0.99962314
0.02253002
30
 0.0942523
-0.0180095
-0.0466704
0.99731075 0.06612234 -0.03160865
-0.06584541 0.99778245 0.00972427
0.03218155 -0.00761684 0.99945302
0.02292164
31
 0.0938035
-0.0178385
-0.0466228
0.99748040 0.06723830 -0.02262420
-0.06698248 0.99768340 0.01188201
0.02337071 -0.01033664 0.99967343
0.02414253
32
 0.0941232
-0.0171801
-0.0464786
0.99738389 0.06643014 -0.02850300
-0.06623798 0.99777464 0.00763477
0.02894675 -0.00572682 0.99956455
0.02553686
33
 0.0940593
-0.0174176
-0.0464729
0.99732979 0.06817384 -0.02618415
-0.06772817 0.99754949 0.01754730
0.02731625 -0.01572704 0.99950312
0.01715792
34
  0.094008
-0.0172883
-0.0464943
0.99741195 0.06709270 -0.02584534
-0.06665841 0.99762561 0.01731446
0.02694564 -0.01554684 0.99951600
0.01960428
35
 0.0939094
-0.0168507
-0.0464489
0.99756719 0.06553776 -0.02375943
-0.06524489 0.99778590 0.01289961
0.02455223 -0.01131804 0.99963448
0.02003073
36
 0.0939383
-0.0166455
-0.0465384
0.99764680 0.06370589 -0.02534598
-0.06340187 0.99790823 0.01262387
0.02609718 -0.01098718 0.99959903
0.01948699
37
 0.0944037
-0.0159333
-0.0464747
0.99772639 0.05858187 -0.03331998
-0.05848873 0.99828097 0.00376390
0.03348320 -0.00180650 0.99943765
0.02868412
38
  0.094325
  -0.01603
-0.0464848
0.99763157 0.06286624 -0.02791205
-0.06251717 0.99795648 0.01320832
0.02868537 -0.01143205 0.99952312
0.01876561
39
  0.094503
-0.0164049
-0.0465644
0.99755622 0.06325576 -0.02966975
-0.06258325 0.99777300 0.02307326
0.03106319 -0.02116005 0.99929342
0.01324765
40
 0.0942362
-0.0163588
-0.0465379
0.99768105 0.06408722 -0.02292042
-0.06360144 0.99774739 0.02133061
0.02423581 -0.01982338 0.99950971
0.01867527
41
 0.0945983
-0.0157342
-0.0465019
0.99764295 0.06127238 -0.03089093
-0.06101672 0.99809478 0.00915273
0.03139288 -0.00724630 0.99948085
0.02774425
42
 0.0939721
-0.0163222
-0.0465977
0.99789778 0.06266584 -0.01652300
-0.06220580 0.99769743 0.02702379
0.01817842 -0.02593915 0.99949823
0.02115687
43
 0.0934446
-0.0166065
-0.0466667
0.99765402 0.06751550 -0.01131906
-0.06715199 0.99729473 0.02989708
0.01330696 -0.02906684 0.99948889
0.02456094
44
 0.0936954
-0.0162649
 -0.046646
0.99757407 0.06548722 -0.02360949
-0.06508385 0.99772690 0.01746791
0.02469975 -0.01588894 0.99956864
0.01831434
45
   0.09352
-0.0165854
-0.0466963
0.99747115 0.06791377 -0.02095306
-0.06738956 0.99741883 0.02478562
0.02258226 -0.02331092 0.99947318
0.02378299
46
 0.0935884
-0.0165893
 -0.046741
0.99751596 0.06619520 -0.02408541
-0.06565802 0.99758960 0.02245020
0.02551345 -0.02081303 0.99945779
0.01845087
47
 0.0937036
-0.0164593
-0.0467665
0.99771904 0.06177806 -0.02720658
-0.06126761 0.99793645 0.01921276
0.02833736 -0.01750205 0.99944518
0.01673254
48
 0.0935329
-0.0164711
-0.0468098
0.99724711 0.07019898 -0.02388099
-0.06972703 0.99736453 0.02005340
0.02522578 -0.01833305 0.99951366
0.01561246
49
 0.0935044
-0.0165611
-0.0468827
0.99743221 0.06753765 -0.02382561
-0.06700952 0.99750288 0.02230979
0.02527287 -0.02065596 0.99946716
0.01518686
50
 0.0934529
-0.0166841
-0.0468923
0.99725406 0.07010715 -0.02386056
-0.06954326 0.99729748 0.02369520
0.02545728 -0.02197080 0.99943445
0.01744192
51
 0.0932475
-0.0173741
-0.0469628
0.99723895 0.07132133 -0.02068194
-0.07051039 0.99680231 0.03759585
0.02329719 -0.03603375 0.99907898
0.02868046
52
 0.0931214
-0.0175879
-0.0469925
0.99734679 0.06992911 -0.02023110
-0.06920912 0.99701118 0.03433379
0.02257156 -0.03284252 0.99920563
0.02172423
53
 0.0930955
-0.0176329
 -0.047103
0.99725215 0.07054012 -0.02263260
-0.06986696 0.99712680 0.02927048
0.02463232 -0.02760878 0.99931527
0.02018051
54
 0.0931465
-0.0178888
-0.0471119
0.99700234 0.07311836 -0.02529909
-0.07231480 0.99688933 0.03134050
0.02751196 -0.02941705 0.99918854
0.02197609
55
 0.0930585
-0.0177487
-0.0471042
0.99718205 0.07133608 -0.02321921
-0.07082758 0.99724523 0.02203210
0.02472693 -0.02032545 0.99948760
0.01620648
56
 0.0929605
-0.0174948
-0.0471171
0.99743373 0.06835544 -0.02129513
-0.06804475 0.99756968 0.01498824
0.02226790 -0.01350076 0.99966088
0.01814427
57
 0.0929519
-0.0174959
-0.0471262
0.99715249 0.07185400 -0.02288926
-0.07144555 0.99727862 0.01819011
0.02413400 -0.01650298 0.99957251
0.01391517
58
 0.0925672
-0.0178956
-0.0471428
0.99710532 0.07486680 -0.01326399
-0.07442369 0.99673746 0.03123374
0.01555908 -0.03015617 0.99942409
0.02005735
59
 0.0926414
-0.0178976
-0.0471214
0.99761816 0.06597177 -0.02014289
-0.06541634 0.99749027 0.02709008
0.02187952 -0.02570788 0.99943003
0.01699199
60
 0.0928676
-0.0176966
-0.0471178
0.99711731 0.07031994 -0.02849865
-0.06975923 0.99735902 0.02021455
0.02984487 -0.01816823 0.99938941
0.02313328
61
 0.0929681
-0.0175556
-0.0470975
0.99684162 0.07391634 -0.02903714
-0.07346362 0.99716368 0.01636140
0.03016415 -0.01417655 0.99944442
0.01886152
62
  0.093268
-0.0174925
 -0.047089
0.99715025 0.06658568 -0.03546446
-0.06603507 0.99768123 0.01647857
0.03647946 -0.01408971 0.99923507
0.02125040
63
 0.0938196
-0.0173215
  -0.04705
0.99699681 0.06244745 -0.04580049
-0.06187781 0.99798897 0.01375304
0.04656723 -0.01087770 0.99885593
0.03199465
64
 0.0938526
-0.0174685
-0.0471249
0.99728384 0.06370943 -0.03696009
-0.06296232 0.99779413 0.02103869
0.03821893 -0.01865445 0.99909525
0.01963674
65
 0.0937048
 -0.017513
-0.0470835
0.99736838 0.06703354 -0.02761907
-0.06646130 0.99756499 0.02114194
0.02896904 -0.01925070 0.99939492
0.01762016
66
 0.0939987
-0.0178239
-0.0471179
0.99738226 0.06304370 -0.03541364
-0.06196687 0.99760519 0.03072435
0.03726581 -0.02844945 0.99890034
0.02251961
67
 0.0937624
-0.0179449
-0.0471546
0.99748857 0.06692688 -0.02318084
-0.06621211 0.99734418 0.03034040
0.02514987 -0.02872935 0.99927079
0.01675111
68
 0.0935135
-0.0176206
-0.0470866
0.99781827 0.06369600 -0.01736434
-0.06342362 0.99786145 0.01581042
0.01833426 -0.01467461 0.99972422
0.02585088
69
 0.0934795
-0.0178227
-0.0470854
0.99764309 0.06553825 -0.02032256
-0.06501838 0.99756415 0.02526620
0.02192896 -0.02388531 0.99947417
0.01340888
70
 0.0933284
-0.0178066
-0.0471068
0.99750149 0.06836389 -0.01780889
-0.06795300 0.99742939 0.02273788
0.01931756 -0.02147090 0.99958283
0.02033698
71
 0.0933253
-0.0179739
 -0.047148
0.99739602 0.06871288 -0.02190229
-0.06807319 0.99726672 0.02872495
0.02381620 -0.02715919 0.99934737
0.01633317
72
 0.0933063
-0.0180421
-0.0471726
0.99755897 0.06572180 -0.02359546
-0.06508682 0.99752126 0.02674019
0.02529439 -0.02513916 0.99936391
0.01747440
73
 0.0934006
-0.0176226
-0.0471474
0.99747996 0.06538034 -0.02755244
-0.06513140 0.99782819 0.00983898
0.02813588 -0.00801965 0.99957194
0.02714614
74
 0.0931566
-0.0182831
-0.0471967
0.99764189 0.06622390 -0.01802900
-0.06548066 0.99708780 0.03909218
0.02056534 -0.03781945 0.99907295
0.02423604
75
 0.0930142
-0.0181444
-0.0471879
0.99744401 0.06953641 -0.01643570
-0.06907721 0.99724517 0.02702621
0.01826973 -0.02582180 0.99949960
0.01906992
76
 0.0932627
-0.0177934
 -0.047145
0.99745076 0.06513649 -0.02914121
-0.06477459 0.99781267 0.01319616
0.02993702 -0.01127491 0.99948819
0.02106439
77
 0.0931539
 -0.017682
-0.0471559
0.99742880 0.06778838 -0.02324938
-0.06750133 0.99763556 0.01291764
0.02407007 -0.01131506 0.99964624
0.01937713
78
 0.0929622
-0.0180458
 -0.047221
0.99759059 0.06709925 -0.01762689
-0.06656662 0.99735342 0.02924122
0.01954231 -0.02799740 0.99941695
0.02145397
79
 0.0926529
-0.0179915
-0.0471984
0.99753229 0.06953647 -0.00969619
-0.06929546 0.99732400 0.02330184
0.01129057 -0.02257243 0.99968145
0.02304143
80
 0.0926447
-0.0177709
-0.0471527
0.99747052 0.06894782 -0.01728450
-0.06874012 0.99755833 0.01233611
0.01809284 -0.01111677 0.99977451
0.02345740
81
 0.0926764
-0.0177731
-0.0471776
0.99708202 0.07298885 -0.02236231
-0.07259889 0.99720270 0.01778125
0.02359759 -0.01610589 0.99959179
0.01559860
82
 0.0927275
-0.0176482
-0.0471382
0.99739030 0.06749232 -0.02563955
-0.06710730 0.99762392 0.01559254
0.02663100 -0.01383125 0.99954964
0.02086787
83
 0.0925647
-0.0175885
-0.0471496
0.99762123 0.06648560 -0.01820836
-0.06619310 0.99767496 0.01622192
0.01924455 -0.01497806 0.99970261
0.01829887
84
 0.0928036
-0.0175864
-0.0471371
0.99715918 0.06843127 -0.03147575
-0.06787657 0.99752464 0.01836750
0.03265475 -0.01617886 0.99933574
0.02161599
85
 0.0930365
-0.0176046
-0.0471339
0.99730188 0.06357350 -0.03670650
-0.06287524 0.99782348 0.01987469
0.03789011 -0.01751314 0.99912844
0.02369856
86
 0.0929681
-0.0177799
-0.0471631
0.99778324 0.06080604 -0.02704140
-0.06002660 0.99778243 0.02875830
0.02873011 -0.02707135 0.99922056
0.01865193
87
 0.0927783
-0.0176915
-0.0471261
0.99771295 0.06517513 -0.01791872
-0.06477557 0.99765640 0.02204182
0.01931330 -0.02083071 0.99959646
0.01879821
88
 0.0926884
-0.0178172
-0.0471288
0.99772573 0.06501208 -0.01779856
-0.06451925 0.99755141 0.02698964
0.01950963 -0.02577991 0.99947725
0.01721144
89
 0.0927953
-0.0176921
-0.0471286
0.99761508 0.06412140 -0.02554587
-0.06364393 0.99779015 0.01908553
0.02671321 -0.01741417 0.99949145
0.01572799
90
 0.0928058
-0.0174239
-0.0471288
0.99757150 0.06488848 -0.02530992
-0.06469601 0.99787007 0.00835171
0.02579795 -0.00669398 0.99964477
0.02313112
91
 0.0930163
-0.0175043
-0.0471148
0.99725651 0.06554882 -0.03439191
-0.06499551 0.99774128 0.01696807
0.03542647 -0.01468620 0.99926437
0.02147988
92
 0.0928684
-0.0174508
-0.0470905
0.99744872 0.06768504 -0.02268904
-0.06730650 0.99758661 0.01705256
0.02378848 -0.01548193 0.99959713
0.02246283
93
  0.092613
-0.0174192
-0.0470595
0.99751496 0.06928303 -0.01279730
-0.06906716 0.99747383 0.01660363
0.01391532 -0.01567850 0.99978025
0.02349133
94
 0.0925161
-0.0173815
-0.0470569
0.99775915 0.06541650 -0.01404860
-0.06515884 0.99771117 0.01807636
0.01519893 -0.01712046 0.99973791
0.01936495
95
 0.0927236
-0.0174098
-0.0470301
0.99733998 0.06702704 -0.02864173
-0.06644674 0.99757410 0.02075443
0.02996335 -0.01879607 0.99937426
0.01845948
96
  0.092601
-0.0174845
-0.0470682
0.99761085 0.06597825 -0.02048077
-0.06546626 0.99754812 0.02473707
0.02206266 -0.02333717 0.99948417
0.02056098
97
 0.0924434
-0.0172323
-0.0470724
0.99790626 0.06298556 -0.01469393
-0.06281093 0.99795259 0.01205843
0.01542335 -0.01111025 0.99981933
0.02759665
98
 0.0923739
-0.0173169
-0.0470785
0.99744631 0.06950460 -0.01643064
-0.06913768 0.99736595 0.02193479
0.01791193 -0.02074280 0.99962438
0.01945666
99
 0.0923493
-0.0177024
-0.0471093
0.99737310 0.06976701 -0.01948002
-0.06895368 0.99682978 0.03969616
0.02218775 -0.03824866 0.99902189
0.02550395
100
 0.0924222
-0.0177447
 -0.047088
0.99706151 0.07222264 -0.02553872
-0.07137145 0.99691024 0.03280374
0.02782899 -0.03088461 0.99913547
0.01806708
101
 0.0923991
-0.0178712
-0.0470792
0.99707472 0.07255771 -0.02402890
-0.07172990 0.99685508 0.03368638
0.02639754 -0.03186424 0.99914355
0.01752456
102
 0.0923845
-0.0178847
-0.0470736
0.99729982 0.06966709 -0.02322859
-0.06900030 0.99721322 0.02836833
0.02514019 -0.02668895 0.99932761
0.01876801
103
  0.092539
-0.0179209
  -0.04709
0.99726411 0.06702198 -0.03118250
-0.06619368 0.99744471 0.02687821
0.03290425 -0.02474059 0.99915225
0.01990128
104
 0.0925398
-0.0180783
 -0.047101
0.99724588 0.06846278 -0.02852205
-0.06757131 0.99722874 0.03112803
0.03057412 -0.02911503 0.99910837
0.02267969
105
 0.0926231
-0.0179932
-0.0470988
0.99720090 0.06845346 -0.03007459
-0.06781873 0.99746290 0.02164239
0.03147978 -0.01954219 0.99931333
0.01533575
106
  0.092523
-0.0180813
-0.0471042
0.99726884 0.07050080 -0.02201120
-0.06991588 0.99720613 0.02630031
0.02380389 -0.02468955 0.99941173
0.01646834
107
 0.0923979
-0.0180621
-0.0470825
0.99751119 0.06853798 -0.01655231
-0.06815491 0.99741660 0.02269425
0.01806497 -0.02150964 0.99960542
0.01737567
108
 0.0924879
-0.0180721
-0.0470674
0.99730133 0.06902955 -0.02499955
-0.06849605 0.99741746 0.02160346
0.02642627 -0.01983278 0.99945401
0.01803969
109
 0.0925459
-0.0182571
-0.0470632
0.99735270 0.06733866 -0.02744251
-0.06648487 0.99730823 0.03092028
0.02945078 -0.02901391 0.99914506
0.01798161
110
   0.09252
-0.0180368
-0.0470564
0.99748284 0.06656968 -0.02442254
-0.06621360 0.99769104 0.01511088
0.02537207 -0.01345574 0.99958752
0.02033989
111
 0.0925152
-0.0181097
-0.0470588
0.99754715 0.06552168 -0.02462895
-0.06500735 0.99766095 0.02113483
0.02595613 -0.01948193 0.99947323
0.01485946
112
 0.0925283
-0.0179358
 -0.047044
0.99733934 0.06839232 -0.02523373
-0.06808863 0.99759837 0.01270521
0.02604207 -0.01095328 0.99960084
0.01934386
113
 0.0925261
-0.0181687
-0.0470464
0.99707823 0.07227928 -0.02471235
-0.07153383 0.99699215 0.02982543
0.02679378 -0.02797052 0.99924959
0.01771549
114
 0.0924903
-0.0180897
-0.0470491
0.99722188 0.07098659 -0.02257043
-0.07048541 0.99726405 0.02227607
0.02408998 -0.02062330 0.99949705
0.01552214
115
0.0925825
-0.018164
-0.047062
0.99721648 0.06881041 -0.02871278
-0.06805935 0.99733288 0.02636397
0.03045032 -0.02433641 0.99923997
0.01824873
116
 0.0925234
-0.0182442
-0.0470623
0.99751612 0.06665587 -0.02277230
-0.06597557 0.99738735 0.02942279
0.02467401 -0.02784729 0.99930762
0.01659185
117
 0.0923041
-0.0181799
-0.0470592
0.99790828 0.06375651 -0.01068493
-0.06349111 0.99770406 0.02356864
0.01216305 -0.02284094 0.99966512
0.02157171
118
 0.0921478
-0.0182836
 -0.047082
0.99756792 0.06913406 -0.00887288
-0.06884970 0.99720198 0.02911926
0.01086119 -0.02843755 0.99953656
0.02324063
119
 0.0922698
-0.0182898
-0.0470936
0.99745630 0.06740676 -0.02317901
-0.06679664 0.99742361 0.02616002
0.02488265 -0.02454520 0.99938901
0.01824114
120
 0.0921964
-0.0180879
-0.0470918
0.99758954 0.06673421 -0.01901729
-0.06647194 0.99768859 0.01410535
0.01991464 -0.01280723 0.99971965
0.02209928
121
 0.0921519
-0.0178586
-0.0470552
0.99751724 0.06793036 -0.01856947
-0.06786202 0.99768551 0.00428665
0.01881768 -0.00301585 0.99981838
0.02857055
122
 0.0922723
-0.0178224
-0.0470542
0.99740804 0.06632208 -0.02790323
-0.06600174 0.99774431 0.01225001
0.02865274 -0.01037659 0.99953557
0.01858196
123
 0.0922368
-0.0180034
-0.0470486
0.99736025 0.06854260 -0.02396756
-0.06788006 0.99731597 0.02744371
0.02578430 -0.02574435 0.99933598
0.01327222
124
 0.0923723
-0.0180198
 -0.047045
0.99678026 0.07337567 -0.03232846
-0.07255146 0.99702646 0.02597166
0.03413802 -0.02354256 0.99913980
0.01952860
125
 0.0921308
-0.0180098
-0.0470296
0.99756897 0.06824947 -0.01407717
-0.06791589 0.99742703 0.02295101
0.01560735 -0.02193915 0.99963748
0.02362775
126
 0.0921772
-0.0181843
-0.0470454
0.99752989 0.06678945 -0.02175520
-0.06607086 0.99729439 0.03222640
0.02384872 -0.03070941 0.99924380
0.02125785
127
 0.0922566
-0.0182837
-0.0470589
0.99749897 0.06532112 -0.02699933
-0.06444539 0.99740403 0.03212460
0.02902766 -0.03030428 0.99911913
0.02193118
128
 0.0923281
 -0.018258
-0.0470788
0.99740652 0.06552610 -0.02977520
-0.06474380 0.99754946 0.02651995
0.03143998 -0.02452341 0.99920475
0.01879768
129
 0.0923711
-0.0182176
-0.0470776
0.99719089 0.06842652 -0.03046537
-0.06778934 0.99746842 0.02147944
0.03185801 -0.01935387 0.99930501
0.01833434
130
 0.0925397
-0.0182944
-0.0470919
0.99689460 0.06889043 -0.03814802
-0.06788153 0.99732417 0.02714041
0.03991565 -0.02446658 0.99890346
0.02326539
131
 0.0925417
  -0.01838
-0.0470996
0.99692384 0.07143901 -0.03223871
-0.07048573 0.99706765 0.02979695
0.03427284 -0.02743292 0.99903594
0.01671810
132
 0.0926077
-0.0183131
-0.0470966
0.99707365 0.06935635 -0.03215332
-0.06866918 0.99739675 0.02200608
0.03359588 -0.01973374 0.99924066
0.01901493
133
 0.0926227
-0.0183046
 -0.047078
0.99737161 0.06623801 -0.02936660
-0.06562785 0.99761730 0.02127690
0.03070596 -0.01929371 0.99934223
0.01696619
134
 0.0927483
-0.0181633
-0.0470778
0.99714418 0.06663159 -0.03554881
-0.06617702 0.99771225 0.01381561
0.03638803 -0.01142364 0.99927244
0.02046700
135
 0.0927384
-0.0181053
  -0.04706
0.99725054 0.06800054 -0.02944984
-0.06759667 0.99760736 0.01450001
0.03036538 -0.01246943 0.99946108
0.01765014
136
 0.0927346
 -0.018052
-0.0470617
0.99724201 0.06903604 -0.02724690
-0.06863947 0.99752524 0.01523229
0.02823105 -0.01332007 0.99951267
0.01648167
137
 0.0927462
-0.0181081
-0.0470648
0.99743374 0.06659010 -0.02629987
-0.06600988 0.99756870 0.02234684
0.02772401 -0.02055344 0.99940429
0.01491238
138
 0.0927733
-0.0181377
-0.0470802
0.99732193 0.06794860 -0.02705458
-0.06730688 0.99744450 0.02396376
0.02861374 -0.02207862 0.99934668
0.01475106
139
 0.0927431
-0.0181235
-0.0470739
0.99738497 0.06838540 -0.02338073
-0.06787128 0.99744888 0.02211833
0.02483366 -0.02047361 0.99948193
0.01508105
140
 0.0926813
-0.0181809
-0.0470818
0.99741469 0.06912940 -0.01962319
-0.06861893 0.99731458 0.02559418
0.02133980 -0.02418149 0.99947980
0.01515385
141
 0.0926725
-0.0181744
-0.0470638
0.99755493 0.06650325 -0.02148201
-0.06600245 0.99754886 0.02323677
0.02297468 -0.02176209 0.99949916
0.02131136
142
 0.0924714
  -0.01824
-0.0470684
0.99754477 0.06937270 -0.00958438
-0.06908622 0.99723045 0.02754131
0.01146846 -0.02681154 0.99957472
0.02119352
143
 0.0925401
-0.0183371
-0.0470649
0.99735264 0.06944222 -0.02157513
-0.06876858 0.99716517 0.03053698
0.02363452 -0.02897245 0.99930076
0.02106268
144
 0.0924223
-0.0183662
-0.0470862
0.99733848 0.07133161 -0.01509172
-0.07088756 0.99708687 0.02815559
0.01705614 -0.02701084 0.99948962
0.02092106
145
  0.092434
-0.0184679
-0.0471005
0.99721884 0.07161772 -0.02062726
-0.07094631 0.99697867 0.03162512
0.02282986 -0.03007373 0.99928693
0.02206195
146
 0.0922973
-0.0184481
-0.0470979
0.99733853 0.07173098 -0.01305833
-0.07139401 0.99714323 0.02466315
0.01479013 -0.02366522 0.99961053
0.02602010
147
 0.0923055
 -0.018118
-0.0470569
0.99748779 0.06820201 -0.01914684
-0.06819762 0.99767144 0.00088298
0.01916247 0.00042501 0.99981629
0.03172427
148
 0.0922988
-0.0181562
-0.0470444
0.99716745 0.07216825 -0.02118547
-0.07185919 0.99730191 0.01500513
0.02221120 -0.01344026 0.99966295
0.01746372
149
 0.0924184
-0.0181569
-0.0470565
0.99709405 0.06980364 -0.03051089
-0.06926643 0.99742989 0.01832448
0.03171159 -0.01615785 0.99936645
0.01933464
150
 0.0923138
-0.0181572
-0.0470583
0.99712051 0.07319726 -0.01982041
-0.07280273 0.99714690 0.01994534
0.02122380 -0.01844493 0.99960459
0.01884794
151
 0.0923326
 -0.018118
-0.0470675
0.99718545 0.07111713 -0.02373899
-0.07070528 0.99733912 0.01776077
0.02493892 -0.01603231 0.99956041
0.01597979
152
 0.0921812
-0.0181306
-0.0470782
0.99739451 0.07088283 -0.01340988
-0.07058880 0.99727895 0.02125811
0.01488022 -0.02025613 0.99968408
0.02022287
153
 0.0921625
 -0.018184
-0.0470809
0.99750363 0.06843292 -0.01741990
-0.06798876 0.99737464 0.02492682
0.01907998 -0.02368023 0.99953749
0.01672170
154
 0.0921611
-0.0181227
-0.0470951
0.99760809 0.06626200 -0.01968363
-0.06585045 0.99761125 0.02086869
0.02101941 -0.01952260 0.99958844
0.01931469
155
 0.0921831
-0.0182166
-0.0471159
0.99755904 0.06583200 -0.02328336
-0.06516131 0.99746828 0.02847869
0.02509922 -0.02689200 0.99932320
0.01827709
156
 0.0922138
-0.0182439
-0.0471121
0.99749431 0.06598199 -0.02552413
-0.06530807 0.99751605 0.02639301
0.02720219 -0.02465995 0.99932574
0.01516936
157
  0.092143
-0.0183984
 -0.047119
0.99746281 0.06831593 -0.02002192
-0.06760223 0.99711967 0.03438468
0.02231327 -0.03294391 0.99920809
0.02293224
158
 0.0922351
-0.0184572
-0.0471235
0.99737989 0.06683358 -0.02768821
-0.06589730 0.99726557 0.03345050
0.02984811 -0.03153828 0.99905677
0.01996099
159
 0.0921863
-0.0184447
-0.0471267
0.99747477 0.06754495 -0.02194920
-0.06694201 0.99738788 0.02713288
0.02372455 -0.02559503 0.99939083
0.01664464
160
  0.092143
 -0.018517
-0.0471307
0.99736040 0.06988872 -0.01969243
-0.06930128 0.99717177 0.02908247
0.02166928 -0.02764099 0.99938302
0.02117999
161
 0.0921491
-0.0186702
-0.0471498
0.99728530 0.07003805 -0.02273088
-0.06917178 0.99692251 0.03688863
0.02524454 -0.03521615 0.99906083
0.02338850
162
 0.0921872
 -0.018756
-0.0471418
0.99711851 0.07093963 -0.02687474
-0.06996706 0.99691567 0.03554929
0.02931370 -0.03356651 0.99900650
0.02482104
163
 0.0921427
-0.0186818
-0.0471387
0.99758534 0.06600026 -0.02162075
-0.06544105 0.99752736 0.02562492
0.02325854 -0.02414816 0.99943780
0.02341088
164
 0.0920653
 -0.018762
-0.0471435
0.99754683 0.06797951 -0.01670663
-0.06743513 0.99723463 0.03123452
0.01878373 -0.03003129 0.99937245
0.01890805
165
 0.0920362
-0.0187716
-0.0471474
0.99746822 0.06861571 -0.01868258
-0.06811178 0.99732856 0.02639168
0.02044356 -0.02505236 0.99947708
0.02396206
166
0.0920335
-0.018655
-0.047131
0.99757353 0.06640812 -0.02090496
-0.06606530 0.99767581 0.01668382
0.02196431 -0.01526225 0.99964225
0.01868634
167
 0.0919344
-0.0187783
-0.0471411
0.99719021 0.07335225 -0.01520316
-0.07289193 0.99692118 0.02889500
0.01727587 -0.02770563 0.99946683
0.02150723
168
 0.0920896
-0.0185843
-0.0471212
0.99716074 0.06814709 -0.03203789
-0.06785955 0.99764497 0.00997958
0.03264252 -0.00777717 0.99943683
0.02405630
169
 0.0920881
-0.0185455
-0.0471014
0.99742061 0.06621660 -0.02770369
-0.06589307 0.99774922 0.01243333
0.02846462 -0.01057578 0.99953885
0.02190105
170
  0.092204
-0.0185011
-0.0470899
0.99730816 0.06445309 -0.03496052
-0.06403003 0.99786212 0.01308987
0.03572946 -0.01081611 0.99930297
0.02374034
171
 0.0921908
-0.0183897
-0.0470858
0.99744422 0.06579620 -0.02785473
-0.06554263 0.99780045 0.00992133
0.02844625 -0.00807030 0.99956274
0.02340064
172
 0.0921974
-0.0183748
 -0.047098
0.99757765 0.06442893 -0.02622475
-0.06405381 0.99783517 0.01490224
0.02712811 -0.01318634 0.99954499
0.02013002
173
 0.0922055
-0.0185532
-0.0470962
0.99766840 0.06334385 -0.02540325
-0.06247063 0.99747398 0.03380951
0.02748070 -0.03214372 0.99910540
0.01682028
174
 0.0923304
-0.0185173
-0.0470842
0.99738920 0.06329619 -0.03476170
-0.06244049 0.99773114 0.02517447
0.03627628 -0.02293820 0.99907851
0.02158915
175
 0.0924852
 -0.018396
-0.0470727
0.99717482 0.06189276 -0.04256356
-0.06138206 0.99802701 0.01320375
0.04329680 -0.01055380 0.99900651
0.03142563
176
 0.0923396
-0.0182438
-0.0470588
0.99774732 0.06368905 -0.02107097
-0.06359178 0.99796216 0.00525520
0.02136273 -0.00390342 0.99976417
0.02751903
177
 0.0923477
-0.0182519
-0.0470609
0.99748866 0.06689143 -0.02327911
-0.06658033 0.99768435 0.01389264
0.02415450 -0.01230781 0.99963247
0.01968953
178
 0.0923908
-0.0182486
-0.0470793
0.99763287 0.06318935 -0.02712499
-0.06271108 0.99786694 0.01813539
0.02821309 -0.01639142 0.99946753
0.01778388
179
 0.0924419
-0.0184129
-0.0470911
0.99757409 0.06318401 -0.02921828
-0.06222331 0.99752651 0.03269737
0.03121196 -0.03079999 0.99903812
0.02408328
180
 0.0925624
-0.0182094
 -0.047056
0.99720481 0.06483365 -0.03713721
-0.06454618 0.99787513 0.00888930
0.03763463 -0.00646738 0.99927064
0.03143408
181
 0.0925778
-0.0181065
-0.0470506
0.99740548 0.06433196 -0.03230642
-0.06417020 0.99792081 0.00602039
0.03262655 -0.00393167 0.99945988
0.02432353
182
  0.092599
 -0.018256
-0.0470615
0.99712766 0.06964960 -0.02975520
-0.06888227 0.99728385 0.02607964
0.03149081 -0.02395513 0.99921693
0.01807170
183
 0.0926084
-0.0182471
-0.0470697
0.99728647 0.06811894 -0.02791968
-0.06750765 0.99746990 0.02228267
0.02936691 -0.02033741 0.99936178
0.01511537
184
 0.0926422
-0.0183095
-0.0470658
0.99722450 0.06838146 -0.02944955
-0.06757275 0.99733161 0.02763314
0.03126056 -0.02556645 0.99918423
0.01664317
185
 0.0925628
 -0.018361
-0.0470698
0.99752690 0.06728132 -0.02033019
-0.06667166 0.99734439 0.02930974
0.02224820 -0.02788181 0.99936361
0.01897743
186
 0.0926194
-0.0185084
-0.0470886
0.99750022 0.06533580 -0.02691747
-0.06427091 0.99718219 0.03869028
0.02936948 -0.03686355 0.99888864
0.02120670
187
 0.0926363
 -0.018419
-0.0470948
0.99744294 0.06627100 -0.02675326
-0.06568380 0.99759212 0.02226203
0.02816417 -0.02044785 0.99939415
0.01701507
188
 0.0926123
 -0.018401
-0.0471179
0.99747535 0.06697236 -0.02361401
-0.06649773 0.99757918 0.02034299
0.02491927 -0.01872135 0.99951415
0.01525258
189
 0.0926402
-0.0185087
-0.0471206
0.99733932 0.06798882 -0.02630220
-0.06716395 0.99725813 0.03106793
0.02834236 -0.02921870 0.99917115
0.01502298
190
 0.0926907
-0.0185456
-0.0471126
0.99722888 0.06814968 -0.02983606
-0.06727585 0.99730194 0.02937354
0.03175736 -0.02728489 0.99912312
0.01945659
191
 0.0926571
-0.0186285
-0.0471291
0.99733676 0.06870619 -0.02447119
-0.06788063 0.99714406 0.03310512
0.02667583 -0.03135584 0.99915225
0.01688753
192
 0.0927309
-0.0185234
-0.0471374
0.99726089 0.06716957 -0.03096732
-0.06664327 0.99761939 0.01772644
0.03208428 -0.01561412 0.99936320
0.01979403
193
 0.0928573
-0.0185921
-0.0471298
0.99696591 0.06705973 -0.03952166
-0.06605439 0.99747151 0.02621839
0.04117993 -0.02352826 0.99887468
0.02201202
194
  0.092934
-0.0185611
-0.0471171
0.99711984 0.06525517 -0.03864943
-0.06445707 0.99768778 0.02154935
0.03996627 -0.01899606 0.99902044
0.02601411
195
 0.0929975
 -0.018604
-0.0471141
0.99697027 0.06792871 -0.03789414
-0.06696044 0.99740993 0.02626277
0.03957998 -0.02364579 0.99893659
0.01973479
196
 0.0930169
-0.0186463
-0.0471185
0.99712909 0.06791724 -0.03347883
-0.06698645 0.99735579 0.02818243
0.03530438 -0.02585889 0.99904200
0.01644968
197
 0.0929693
-0.0186861
 -0.047124
0.99744638 0.06723549 -0.02408560
-0.06653041 0.99736379 0.02896852
0.02596982 -0.02729212 0.99929010
0.01720273
198
 0.0929339
-0.0185752
-0.0471125
0.99749285 0.06750721 -0.02123205
-0.06717188 0.99761103 0.01612987
0.02227021 -0.01466323 0.99964445
0.02022852
199
 0.0929365
-0.0185129
-0.0471045
0.99749681 0.06683400 -0.02309392
-0.06655189 0.99770116 0.01277677
0.02389476 -0.01120785 0.99965165
0.02338035
200
 0.0929197
-0.0184382
-0.0470936
0.99741330 0.06842327 -0.02202173
-0.06819933 0.99761364 0.01076495
0.02270575 -0.00923523 0.99969953
0.02116218
